titl 0 32 2
avoid 32 48 1
purpos 48 76 1
com 76 96 1
such 96 116 1
exampl 116 220 2
registri 220 248 1
furth 248 268 1
domain 268 412 2
operat 412 432 1
descripti 432 464 2
be 464 484 1
meta 484 516 2
icann 516 560 1
href 560 588 1
head 588 620 2
numb 620 656 1
read 656 676 1
paragraph 676 708 2
arpa 708 728 1
as 728 772 1
bas 772 792 1
describ 792 812 1
thes 812 840 1
in 840 888 2
rfc 888 932 1
a 932 992 1
but 992 1012 1
go 1012 1040 1
incorrectli 1040 1060 1
and 1060 1096 1
may 1096 1116 1
registra 1116 1136 1
of 1136 1176 1
org 1176 1236 2
us 1236 1292 2
nbsp 1292 1316 1
ar 1316 1368 1
do 1368 1388 1
maintain 1388 1408 1
for 1408 1460 2
documenta 1460 1496 2
illustr 1496 1516 1
affilia 1516 1536 1
docum 1536 1556 1
without 1556 1592 2
prior 1592 1612 1
coordina 1612 1640 1
on 1640 1668 1
with 1668 1688 1
we 1688 1708 1
they 1708 1728 1
producti 1728 1748 1
whil 1748 1768 1
not 1768 1804 1
availab 1804 1824 1
or 1824 1844 1
to 1844 1884 1
transf 1884 1904 1
provid 1904 1948 1
permissi 1948 1964 1
best 1964 1984 1
incident 1984 2004 1
web 2004 2032 1
servic 2032 2072 1
the 2072 2132 1
design 2132 2160 1
effort 2160 2180 1
host 2180 2200 1
informa 2200 2224 1
support 2224 2244 1
appl 2244 2280 1
traff 2280 2300 1
resourc 2300 2316 1
configur 2316 2336 1
is 2336 2372 2
expect 2372 2392 1
pleas 2392 2412 1
that 2412 2432 1
requir 2432 2452 1
hav 2452 2472 1
http 2472 2532 2
iana 2532 2572 2
functi 2572 2592 1
internet 2592 2612 1
s 2612 2632 1
glob 2632 2652 1
uniqu 2652 2672 1
nam 2672 2688 1
identifi 2688 2716 1
techn 2716 2736 1
by 2736 2756 1
pti 2756 2776 1
publ 2776 2796 1
an 2796 2816 1
www 2816 2844 1
link 2844 2876 2
tim 2876 2896 1
protocol 2896 2932 1
about 2932 2964 1
text 2964 2996 2
reserv 2996 3016 1
root 3016 3036 1
int 3036 3056 1
clean 3056 3088 2
idn 3088 3108 1
tab 3108 3124 1
abus 3124 3144 1
zon 3144 3168 1
new 3168 3188 1
performan 3188 3208 1
excellen 3208 3228 1
archi 3228 3248 1
contact 3248 3268 1
privaci 3268 3292 1
polici 3292 3312 1
ful 3312 3344 2
manag 3344 3360 1
last 3360 3376 1
revis 3376 3392 1
repositori 3392 3408 1
need 3408 3424 1
databas 3424 3440 1
term 3440 3456 1
thi 3456 3472 1
opera 3472 3488 1
learn 3488 3504 1
mor 3504 3520 1
